138	213	97	2	1		
1	10.1	10.1	-40			
2	-10.1	10.1	-40			
3	-10.1	-10.1	-40			
4	10.1	-10.1	-40			
5	10.1	10.1	-36			
6	-10.1	10.1	-36			
7	-10.1	-10.1	-36			
8	10.1	-10.1	-36			
9	0	9.419551	-29.195509			
10	-9.419551	0	-29.195509			
11	0	-9.419551	-29.195509			
12	9.419551	0	-29.195509			
13	8.825	8.825	-23.25			
14	-8.825	8.825	-23.25			
15	-8.825	-8.825	-23.25			
16	8.825	-8.825	-23.25			
17	0	8.137863	-16.378626			
18	-8.137863	0	-16.378626			
19	0	-8.137863	-16.378626			
20	8.137863	0	-16.378626			
21	7.55	7.55	-10.5			
22	-7.55	7.55	-10.5			
23	-7.55	-7.55	-10.5			
24	7.55	-7.55	-10.5			
25	0	6.853707	-3.537071			
26	-6.853707	0	-3.537071			
27	0	-6.853707	-3.537071			
28	6.853707	0	-3.537071			
29	6.275	6.275	2.25			
30	-6.275	6.275	2.25			
31	-6.275	-6.275	2.25			
32	6.275	-6.275	2.25			
33	0	5.56541	9.345898			
34	-5.56541	0	9.345898			
35	0	-5.56541	9.345898			
36	5.56541	0	9.345898			
37	5	5	15			
38	-5	5	15			
39	-5	-5	15			
40	5	-5	15			
41	0	0	19			
42	0	0	19.86666667			
43	0	0	20.73333333			
44	0	0	21.6			
45	0	0	22.46666667			
46	0	0	23.33333333			
47	0	0	24.2			
48	0	0	25.06666667			
49	0	0	25.93333333			
50	0	0	26.8			
51	0	0	27.66666667			
52	0	0	28.53333333			
53	0	0	29.4			
54	0	0	30.26666667			
55	0	0	31.13333333			
56	0	0	32			
57	0	0	32.86666667			
58	0	0	33.73333333			
59	0	0	34.6			
60	0	0	35.46666667			
61	0	0	36.33333333			
62	0	0	37.2			
63	0	0	38.06666667			
64	0	0	38.93333333			
65	0	0	39.8			
66	0	0	40.66666667			
67	0	0	41.53333333			
68	0	0	42.4			
69	0	0	43.26666667			
70	0	0	44.13333333			
71	0	0	45			
72	0	0	45.86666667			
73	0	0	46.73333333			
74	0	0	47.6			
75	0	0	48.46666667			
76	0	0	49.33333333			
77	0	0	50.2			
78	0	0	51.06666667			
79	0	0	51.93333333			
80	0	0	52.8			
81	0	0	53.66666667			
82	0	0	54.53333333			
83	0	0	55.4			
84	0	0	56.26666667			
85	0	0	57.13333333			
86	0	0	58			
87	0	0	58.86666667			
88	0	0	59.73333333			
89	0	0	60.6			
90	0	0	61.46666667			
91	0	0	62.33333333			
92	0	0	63.2			
93	0	0	64.06666667			
94	0	0	64.93333333			
95	0	0	65.8			
96	0	0	66.66666667			
97	0	0	67.53333333			
98	0	0	68.4			
99	0	0	69.26666667			
100	0	0	70.13333333			
101	0	0	71			
102	0	0	71.86666667			
103	0	0	72.73333333			
104	0	0	73.6			
105	0	0	74.46666667			
106	0	0	75.33333333			
107	0	0	76.2			
108	0	0	77.06666667			
109	0	0	77.93333333			
110	0	0	78.8			
111	0	0	79.66666667			
112	0	0	80.53333333			
113	0	0	81.4			
114	0	0	82.26666667			
115	0	0	83.13333333			
116	0	0	84			
117	0	0	84.86666667			
118	0	0	85.73333333			
119	0	0	86.6			
120	0	0	87.46666667			
121	0	0	88.33333333			
122	0	0	89.2			
123	0	0	90.06666667			
124	0	0	90.93333333			
125	0	0	91.8			
126	0	0	92.66666667			
127	0	0	93.53333333			
128	0	0	94.4			
129	0	0	95.26666667			
130	0	0	96.13333333			
131	0	0	97			
132	0	0	99.34			
133	5	5	19			
134	-5	5	19			
135	-5	-5	19			
136	5	-5	19			
137	0	0	15			
138	0	0	17			
1	1	5	1	1		
2	2	6	1	1		
3	3	7	1	1		
4	4	8	1	1		
5	5	13	2	2		
6	6	14	2	2		
7	7	15	2	2		
8	8	16	2	2		
9	9	5	3	3		
10	9	14	3	3		
11	9	13	3	3		
12	9	6	3	3		
13	10	6	3	3		
14	10	15	3	3		
15	10	14	3	3		
16	10	7	3	3		
17	11	7	3	3		
18	11	16	3	3		
19	11	15	3	3		
20	11	8	3	3		
21	12	13	3	3		
22	12	16	3	3		
23	12	8	3	3		
24	12	5	3	3		
25	5	6	3	3		
26	6	7	3	3		
27	7	8	3	3		
28	8	5	3	3		
29	13	21	2	2		
30	14	22	2	2		
31	15	23	2	2		
32	16	24	2	2		
33	17	13	3	3		
34	17	22	3	3		
35	17	21	3	3		
36	17	14	3	3		
37	18	14	3	3		
38	18	23	3	3		
39	18	22	3	3		
40	18	15	3	3		
41	19	15	3	3		
42	19	24	3	3		
43	19	23	3	3		
44	19	16	3	3		
45	20	21	3	3		
46	20	24	3	3		
47	20	16	3	3		
48	20	13	3	3		
49	13	14	3	3		
50	14	15	3	3		
51	15	16	3	3		
52	16	13	3	3		
53	21	29	2	2		
54	22	30	2	2		
55	23	31	2	2		
56	24	32	2	2		
57	25	21	3	3		
58	25	30	3	3		
59	25	29	3	3		
60	25	22	3	3		
61	26	22	3	3		
62	26	31	3	3		
63	26	30	3	3		
64	26	23	3	3		
65	27	23	3	3		
66	27	32	3	3		
67	27	31	3	3		
68	27	24	3	3		
69	28	29	3	3		
70	28	32	3	3		
71	28	24	3	3		
72	28	21	3	3		
73	21	22	3	3		
74	22	23	3	3		
75	23	24	3	3		
76	24	21	3	3		
77	29	37	2	2		
78	30	38	2	2		
79	31	39	2	2		
80	32	40	2	2		
81	33	29	3	3		
82	33	38	3	3		
83	33	37	3	3		
84	33	30	3	3		
85	34	30	3	3		
86	34	39	3	3		
87	34	38	3	3		
88	34	31	3	3		
89	35	31	3	3		
90	35	40	3	3		
91	35	39	3	3		
92	35	32	3	3		
93	36	37	3	3		
94	36	40	3	3		
95	36	32	3	3		
96	36	29	3	3		
97	29	30	3	3		
98	30	31	3	3		
99	31	32	3	3		
100	32	29	3	3		
101	37	38	95	95		
102	38	39	95	95		
103	39	40	95	95		
104	40	37	95	95		
105	41	133	96	96		
106	41	134	96	96		
107	41	135	96	96		
108	41	136	96	96		
109	41	42	4	5		
110	42	43	5	6		
111	43	44	6	7		
112	44	45	7	8		
113	45	46	8	9		
114	46	47	9	10		
115	47	48	10	11		
116	48	49	11	12		
117	49	50	12	13		
118	50	51	13	14		
119	51	52	14	15		
120	52	53	15	16		
121	53	54	16	17		
122	54	55	17	18		
123	55	56	18	19		
124	56	57	19	20		
125	57	58	20	21		
126	58	59	21	22		
127	59	60	22	23		
128	60	61	23	24		
129	61	62	24	25		
130	62	63	25	26		
131	63	64	26	27		
132	64	65	27	28		
133	65	66	28	29		
134	66	67	29	30		
135	67	68	30	31		
136	68	69	31	32		
137	69	70	32	33		
138	70	71	33	34		
139	71	72	34	35		
140	72	73	35	36		
141	73	74	36	37		
142	74	75	37	38		
143	75	76	38	39		
144	76	77	39	40		
145	77	78	40	41		
146	78	79	41	42		
147	79	80	42	43		
148	80	81	43	44		
149	81	82	44	45		
150	82	83	45	46		
151	83	84	46	47		
152	84	85	47	48		
153	85	86	48	49		
154	86	87	49	50		
155	87	88	50	51		
156	88	89	51	52		
157	89	90	52	53		
158	90	91	53	54		
159	91	92	54	55		
160	92	93	55	56		
161	93	94	56	57		
162	94	95	57	58		
163	95	96	58	59		
164	96	97	59	60		
165	97	98	60	61		
166	98	99	61	62		
167	99	100	62	63		
168	100	101	63	64		
169	101	102	64	65		
170	102	103	65	66		
171	103	104	66	67		
172	104	105	67	68		
173	105	106	68	69		
174	106	107	69	70		
175	107	108	70	71		
176	108	109	71	72		
177	109	110	72	73		
178	110	111	73	74		
179	111	112	74	75		
180	112	113	75	76		
181	113	114	76	77		
182	114	115	77	78		
183	115	116	78	79		
184	116	117	79	80		
185	117	118	80	81		
186	118	119	81	82		
187	119	120	82	83		
188	120	121	83	84		
189	121	122	84	85		
190	122	123	85	86		
191	123	124	86	87		
192	124	125	87	88		
193	125	126	88	89		
194	126	127	89	90		
195	127	128	90	91		
196	128	129	91	92		
197	129	130	92	93		
198	130	131	93	94		
199	131	132	96	96		
200	37	133	97	97		
201	38	134	97	97		
202	39	135	97	97		
203	40	136	97	97		
204	133	134	96	96		
205	134	135	96	96		
206	135	136	96	96		
207	136	133	96	96		
208	137	37	96	96		
209	137	38	96	96		
210	137	39	96	96		
211	137	40	96	96		
212	137	138	96	96		
213	41	138	96	96		
1	2.1000E+11	8.0769E+10	8.5020E+03	1	0.021	
2	2.1000E+11	8.0769E+10	8.5020E+03	1	0.021	
3	2.1000E+11	8.0769E+10	8.5020E+03	0.4	0.011	
4	2.1000E+11	8.0769E+10	8.5020E+03	6.4	0.053333333	
5	2.1000E+11	8.0769E+10	8.5020E+03	6.368	0.053066667	
6	2.1000E+11	8.0769E+10	8.5020E+03	6.336	0.0528	
7	2.1000E+11	8.0769E+10	8.5020E+03	6.304	0.052533333	
8	2.1000E+11	8.0769E+10	8.5020E+03	6.272	0.052266667	
9	2.1000E+11	8.0769E+10	8.5020E+03	6.24	0.052	
10	2.1000E+11	8.0769E+10	8.5020E+03	6.208	0.051733333	
11	2.1000E+11	8.0769E+10	8.5020E+03	6.176	0.051466667	
12	2.1000E+11	8.0769E+10	8.5020E+03	6.144	0.0512	
13	2.1000E+11	8.0769E+10	8.5020E+03	6.112	0.050933333	
14	2.1000E+11	8.0769E+10	8.5020E+03	6.08	0.050666667	
15	2.1000E+11	8.0769E+10	8.5020E+03	6.048	0.0504	
16	2.1000E+11	8.0769E+10	8.5020E+03	6.016	0.050133333	
17	2.1000E+11	8.0769E+10	8.5020E+03	5.984	0.049866667	
18	2.1000E+11	8.0769E+10	8.5020E+03	5.952	0.0496	
19	2.1000E+11	8.0769E+10	8.5020E+03	5.92	0.049333333	
20	2.1000E+11	8.0769E+10	8.5020E+03	5.888	0.049066667	
21	2.1000E+11	8.0769E+10	8.5020E+03	5.856	0.0488	
22	2.1000E+11	8.0769E+10	8.5020E+03	5.824	0.048533333	
23	2.1000E+11	8.0769E+10	8.5020E+03	5.792	0.048266667	
24	2.1000E+11	8.0769E+10	8.5020E+03	5.76	0.048	
25	2.1000E+11	8.0769E+10	8.5020E+03	5.728	0.047733333	
26	2.1000E+11	8.0769E+10	8.5020E+03	5.696	0.047466667	
27	2.1000E+11	8.0769E+10	8.5020E+03	5.664	0.0472	
28	2.1000E+11	8.0769E+10	8.5020E+03	5.632	0.046933333	
29	2.1000E+11	8.0769E+10	8.5020E+03	5.6	0.046666667	
30	2.1000E+11	8.0769E+10	8.5020E+03	5.568	0.0464	
31	2.1000E+11	8.0769E+10	8.5020E+03	5.536	0.046133333	
32	2.1000E+11	8.0769E+10	8.5020E+03	5.504	0.045866667	
33	2.1000E+11	8.0769E+10	8.5020E+03	5.472	0.0456	
34	2.1000E+11	8.0769E+10	8.5020E+03	5.44	0.045333333	
35	2.1000E+11	8.0769E+10	8.5020E+03	5.408	0.045066667	
36	2.1000E+11	8.0769E+10	8.5020E+03	5.376	0.0448	
37	2.1000E+11	8.0769E+10	8.5020E+03	5.344	0.044533333	
38	2.1000E+11	8.0769E+10	8.5020E+03	5.312	0.044266667	
39	2.1000E+11	8.0769E+10	8.5020E+03	5.28	0.044	
40	2.1000E+11	8.0769E+10	8.5020E+03	5.248	0.043733333	
41	2.1000E+11	8.0769E+10	8.5020E+03	5.216	0.043466667	
42	2.1000E+11	8.0769E+10	8.5020E+03	5.184	0.0432	
43	2.1000E+11	8.0769E+10	8.5020E+03	5.152	0.042933333	
44	2.1000E+11	8.0769E+10	8.5020E+03	5.12	0.042666667	
45	2.1000E+11	8.0769E+10	8.5020E+03	5.088	0.0424	
46	2.1000E+11	8.0769E+10	8.5020E+03	5.056	0.042133333	
47	2.1000E+11	8.0769E+10	8.5020E+03	5.024	0.041866667	
48	2.1000E+11	8.0769E+10	8.5020E+03	4.992	0.0416	
49	2.1000E+11	8.0769E+10	8.5020E+03	4.96	0.041333333	
50	2.1000E+11	8.0769E+10	8.5020E+03	4.928	0.041066667	
51	2.1000E+11	8.0769E+10	8.5020E+03	4.896	0.0408	
52	2.1000E+11	8.0769E+10	8.5020E+03	4.864	0.040533333	
53	2.1000E+11	8.0769E+10	8.5020E+03	4.832	0.040266667	
54	2.1000E+11	8.0769E+10	8.5020E+03	4.8	0.04	
55	2.1000E+11	8.0769E+10	8.5020E+03	4.768	0.039733333	
56	2.1000E+11	8.0769E+10	8.5020E+03	4.736	0.039466667	
57	2.1000E+11	8.0769E+10	8.5020E+03	4.704	0.0392	
58	2.1000E+11	8.0769E+10	8.5020E+03	4.672	0.038933333	
59	2.1000E+11	8.0769E+10	8.5020E+03	4.64	0.038666667	
60	2.1000E+11	8.0769E+10	8.5020E+03	4.608	0.0384	
61	2.1000E+11	8.0769E+10	8.5020E+03	4.576	0.038133333	
62	2.1000E+11	8.0769E+10	8.5020E+03	4.544	0.037866667	
63	2.1000E+11	8.0769E+10	8.5020E+03	4.512	0.0376	
64	2.1000E+11	8.0769E+10	8.5020E+03	4.48	0.037333333	
65	2.1000E+11	8.0769E+10	8.5020E+03	4.448	0.037066667	
66	2.1000E+11	8.0769E+10	8.5020E+03	4.416	0.0368	
67	2.1000E+11	8.0769E+10	8.5020E+03	4.384	0.036533333	
68	2.1000E+11	8.0769E+10	8.5020E+03	4.352	0.036266667	
69	2.1000E+11	8.0769E+10	8.5020E+03	4.32	0.036	
70	2.1000E+11	8.0769E+10	8.5020E+03	4.288	0.035733333	
71	2.1000E+11	8.0769E+10	8.5020E+03	4.256	0.035466667	
72	2.1000E+11	8.0769E+10	8.5020E+03	4.224	0.0352	
73	2.1000E+11	8.0769E+10	8.5020E+03	4.192	0.034933333	
74	2.1000E+11	8.0769E+10	8.5020E+03	4.16	0.034666667	
75	2.1000E+11	8.0769E+10	8.5020E+03	4.128	0.0344	
76	2.1000E+11	8.0769E+10	8.5020E+03	4.096	0.034133333	
77	2.1000E+11	8.0769E+10	8.5020E+03	4.064	0.033866667	
78	2.1000E+11	8.0769E+10	8.5020E+03	4.032	0.0336	
79	2.1000E+11	8.0769E+10	8.5020E+03	4	0.033333333	
80	2.1000E+11	8.0769E+10	8.5020E+03	3.968	0.033066667	
81	2.1000E+11	8.0769E+10	8.5020E+03	3.936	0.0328	
82	2.1000E+11	8.0769E+10	8.5020E+03	3.904	0.032533333	
83	2.1000E+11	8.0769E+10	8.5020E+03	3.872	0.032266667	
84	2.1000E+11	8.0769E+10	8.5020E+03	3.84	0.032	
85	2.1000E+11	8.0769E+10	8.5020E+03	3.808	0.031733333	
86	2.1000E+11	8.0769E+10	8.5020E+03	3.776	0.031466667	
87	2.1000E+11	8.0769E+10	8.5020E+03	3.744	0.0312	
88	2.1000E+11	8.0769E+10	8.5020E+03	3.712	0.030933333	
89	2.1000E+11	8.0769E+10	8.5020E+03	3.68	0.030666667	
90	2.1000E+11	8.0769E+10	8.5020E+03	3.648	0.0304	
91	2.1000E+11	8.0769E+10	8.5020E+03	3.616	0.030133333	
92	2.1000E+11	8.0769E+10	8.5020E+03	3.584	0.029866667	
93	2.1000E+11	8.0769E+10	8.5020E+03	3.552	0.0296	
94	2.1000E+11	8.0769E+10	8.5020E+03	3.52	0.029333333	
95	2.1000E+17	8.0769E+16	8.5020E+03	0.4	0.011	
96	2.1000E+17	8.0769E+16	1.0000E+00	0.1	0.01	
97	2.1000E+17	8.0769E+16	8.5020E+03	1	0.021	
132	5.15E+05	5.15E+05	5.15E+05	0.00E+00	0.00E+00	0.00E+00
138	6.6600000E+05	6.6600000E+05	6.6600000E+05	6438000	6438000	11100000
132	2.828430E+06	2.828430E+06	0.0000E+00	0.00E+00	0.00E+00	0.00E+00
