1  0.53167868013626474     
           2  4.07653525355692876E-004
           3  7.06464626317778962E-004
           4  5.22198963817711382E-004
           5  3.88099406625481101E-004
           6  2.95021953841145845E-004
           7  2.31440184947854767E-004
           8  1.87971922211439748E-004
           9  1.57795998613591818E-004
          10  1.36233299193153605E-004
          11  1.20217477817434468E-004
          12  1.07812018497739802E-004
          13  9.78219133057286089E-005
          14  8.95133469185799719E-005
          15  8.24304212221416480E-005
          16  7.62823155403976428E-005
          17  7.08754708335700097E-005
          18  6.60751521288692825E-005
          19  6.17828432503766560E-005
          20  5.79232614908108982E-005
          21  5.44366247125315612E-005
          22  5.12741988111084561E-005
          23  4.83953426222101849E-005
          24  4.57656648422109270E-005
          25  4.33558020990336366E-005
          26  4.11404394506879591E-005
          27  3.90977534050035742E-005
          28  3.72087397668676299E-005
          29  3.54569028191101010E-005
          30  3.38278403938967320E-005
          31  3.23089882610614961E-005
          32  3.08893503357279250E-005
          33  2.95592839733674880E-005
          34  2.83103465998587127E-005
          35  2.71350867391254378E-005
          36  2.60269846365363486E-005
          37  2.49802394313201968E-005
          38  2.39897795584229346E-005
          39  2.30510506798061329E-005
          40  2.21600866183820036E-005
          41  2.13132766037583415E-005
          42  2.05074775868388866E-005
          43  1.97398102995031770E-005
          44  1.90077643589719526E-005
          45  1.83090092839956646E-005
          46  1.76415233176885533E-005
          47  1.70033977211744687E-005
          48  1.63929829229138631E-005
          49  1.58087023424739219E-005
          50  1.52491873419711048E-005
          51  1.47131241214701274E-005
          52  1.41993675929647876E-005
          53  1.37067994082776254E-005
          54  1.32344572749558605E-005
          55  1.27813775457072135E-005